0 9 17 24 33 41 48 57 65 72 81 89 96 105 113 120 129 137 144 153 161 168 177 185 192 201 209 216 225 233 
240 249 257 264 273 281 288 312 335 357 411 464 516 567 617 666 714 761 807 852 896 939 981 1022 1062 1101 1139 1176 1227 1277 
1326 1374 1421 1467 1512 1556 1599 1641 1682 1722 1761 1799 1836 1887 1937 1986 2034 2081 2127 2172 2216 2259 2301 2342 2382 2421 2459 2496 2547 2597 
2646 2694 2741 2787 2832 2876 2919 2961 3002 3042 3081 3119 3156 3210 3263 3315 3366 3416 3465 3513 3560 3606 3651 3695 3738 3780 3821 3861 3900 3938 
3975 4029 4082 4134 4185 4235 4284 4332 4379 4425 4470 4514 4557 4599 4640 4680 4719 4757 4794 4848 4901 4953 5004 5054 5103 5151 5198 5244 5289 5333 
5376 5418 5459 5499 5538 5576 5613 5673 5732 5790 5847 5903 5958 6012 6065 6117 6168 6218 6267 6315 6362 6408 6453 6497 6540 6582 6623 6663 6672 6680 
6687 6696 6704 6711 6723 6734 6744 6753 6761 6768 6777 6785 6792 6801 6809 6816 6825 6833 6840 6849 6857 6864 6873 6881 6888 6897 6905 6912 6921 6929 
6936 6945 6953 6960 6969 6977 6984 6993 7001 7008 7017 7025 7032 7044 7055 7065 7074 7082 7089 7098 7106 7113 7125 7136 7146 7164 7181 7197 7212 7226 
7239 7257 7274 7290 7305 7319 7332 7350 7367 7383 7398 7412 7425 7443 7460 7476 7491 7505 7518 7536 7553 7569 7584 7598 7611 7623 7634 7644 7656 7667 
7677 7686 7694 7701 7722 7742 7761 7779 7796 7812 7827 7841 7854 7872 7889 7905 7920 7934 7947 7974 8000 8025 8049 8072 8094 8121 8147 8172 8196 8219 
8241 8262 8282 8301 8328 8354 8379 8403 8426 8448 8469 8489 8508 8535 8561 8586 8610 8633 8655 8676 8696 8715 8742 8768 8793 8817 8840 8862 8883 8903 
8922 8949 8975 9000 9024 9047 9069 9090 9110 9129 9156 9182 9207 9231 9254 9276 9297 9317 9336 9363 9389 9414 9438 9461 9483 9504 9524 9543 9573 9602 
9630 9657 9683 9708 9732 9755 9777 9813 9848 9882 9915 9947 9978 10008 10037 10065 10113 10160 10206 10251 10295 10338 10380 10421 10461 10500 10538 10575 10611 10646 
10680 10725 10769 10812 10854 10895 10935 10974 11012 11049 11085 11120 11154 11199 11243 11286 11328 11369 11409 11448 11486 11523 11559 11594 11628 11673 11717 11760 11802 11843 
11883 11922 11960 11997 12033 12068 12102 12138 12173 12207 12240 12272 12303 12333 12362 12390 12417 12443 12468 12504 12539 12573 12606 12638 12669 12699 12728 12756 12783 12809 
12834 12870 12905 12939 12972 13004 13035 13065 13094 13122 13149 13175 13200 13242 13283 13323 13362 13400 13437 13473 13508 13542 13575 13607 13638 13674 13709 13743 13776 13808 
13839 13869 13898 13926 13953 13979 14004 14040 14075 14109 14142 14174 14205 14235 14264 14292 14319 14345 14370 14406 14441 14475 14508 14540 14571 14601 14630 14658 14685 14711 
14736 14772 14807 14841 14874 14906 14937 14967 14996 15024 15051 15077 15102 15138 15173 15207 15240 15272 15303 15333 15362 15390 15417 15443 15468 15504 15539 15573 15606 15638 
15669 15699 15728 15756 15783 15809 15834 15870 15905 15939 15972 16004 16035 16065 16094 16122 16149 16175 16200 16236 16271 16305 16338 16370 16401 16431 16460 16488 16515 16541 
16566 16602 16637 16671 16704 16736 16767 16797 16826 16854 16881 16907 16932 16968 17003 17037 17070 17102 17133 17163 17192 17220 17247 17273 17298 17334 17369 17403 17436 17468 
17499 17529 17558 17586 17613 17639 17664 17700 17735 17769 17802 17834 17865 17895 17924 17952 17979 18005 18030 18072 18113 18153 18192 18230 18267 18303 18338 18372 18405 18437 
18468 18522 18575 18627 18678 18728 18777 18825 18872 18918 18963 19007 19050 19092 19133 19173 19212 19250 19287 19338 19388 19437 19485 19532 19578 19623 19667 19710 19752 19793 
19833 19872 19910 19947 19998 20048 20097 20145 20192 20238 20283 20327 20370 20412 20453 20493 20532 20570 20607 20658 20708 20757 20805 20852 20898 20943 20987 21030 21072 21113 
21153 21192 21230 21267 21321 21374 21426 21477 21527 21576 21624 21671 21717 21762 21806 21849 21891 21932 21972 22011 22049 22086 22122 22157 22191 22224 22256 22287 22317 22346 
22374 22410 22445 22479 22512 22544 22575 22605 22634 22662 22689 22715 22740 22764 22787 22809 22830 22850 22869 22887 22904 22920 22935 22949 22962 22980 22997 23013 23028 23042 
23055 23085 23114 23142 23169 23195 23220 23256 23291 23325 23358 23390 23421 23430 23438 23445 23454 23462 23469 23481 23492 23502 23517 23531 23544 23565 23585 23604 23622 23639 
23655 23676 23696 23715 23733 23750 23766 23787 23807 23826 23844 23861 23877 23898 23918 23937 23955 23972 23988 24009 24029 24048 24066 24083 24099 24120 24140 24159 24177 24194 
24210 24231 24251 24270 24288 24305 24321 24342 24362 24381 24399 24416 24432 24453 24473 24492 24510 24527 24543 24564 24584 24603 24621 24638 24654 24675 24695 24714 24732 24749 
24765 24786 24806 24825 24843 24860 24876 24897 24917 24936 24954 24971 24987 25008 25028 25047 25065 25082 25098 25113 25127 25140 25152 25163 25173 25182 25190 25197 25206 25214 
25221 25230 25238 25245 25254 25262 25269 25278 25286 25293 25302 25310 25317 25326 25334 107830 107898 25358 101764 101832 101897 101959 102027 102092 102154 102222 102287 102349 102417 102482 
102544 102612 102677 102739 102807 102872 102934 103002 103067 103129 103197 103262 103324 103392 103457 103519 103596 103670 25614 25623 25631 25638 25647 25655 25662 25671 25679 25686 25695 25703 
25710 25722 25733 63258 63344 63427 63507 63584 63658 63729 63806 63880 63951 64037 64120 64200 64286 64369 64449 64526 64600 25968 25977 25985 25992 26001 26009 26016 26025 26033 
26040 26049 26057 26064 26073 26081 26088 26097 26105 26112 26121 26129 26136 26148 26159 26169 26187 26204 26220 26235 26249 26262 26280 26297 26313 26328 26342 26355 26373 26390 
26406 26421 26435 26448 26466 26483 26499 26514 26528 64671 64766 64858 64947 65069 65188 65304 65471 65635 65796 65954 66109 66261 66473 66682 66888 67091 67291 67488 67682 67873 
68061 68246 68428 68607 68783 68956 69126 69293 69457 69618 69776 69931 70083 70232 70378 70521 70661 70798 70932 71063 71191 71316 71438 71557 71673 71786 71896 72003 72107 72208 
72306 72401 72493 72582 72668 72751 72831 72908 72982 73053 73121 73186 73248 73307 73363 28554 28563 28571 28578 28587 28595 28602 28614 28625 28635 28644 28652 28659 28668 28676 
28683 28692 28700 28707 28716 28724 28731 28740 28748 28755 28764 28772 28779 28788 28796 28803 28815 28826 28836 28854 28871 28887 28902 28916 28929 28938 28946 28953 28962 28970 
28977 28986 28994 29001 29010 29018 29025 29034 29042 29049 29058 29066 29073 29082 29090 29097 29109 29120 29130 29139 29147 29154 29163 29171 29178 29187 29195 29202 29211 29219 
29226 29235 29243 29250 29259 29267 29274 29283 29291 29298 29307 29315 29322 29331 29339 29346 29355 29363 29370 29379 29387 29394 29403 29411 29418 29430 29441 29451 29460 29468 
29475 29484 29492 29499 29511 29522 29532 29550 29567 29583 29598 29612 29625 29634 29642 29649 29658 29666 29673 29685 29696 29706 29715 29723 29730 29739 29747 29754 29763 29771 
29778 29787 29795 29802 29811 29819 29826 29835 29843 29850 29859 29867 29874 29883 29891 29898 29907 29915 29922 29931 29939 29946 29955 29963 29970 29979 29987 29994 30003 30011 
30018 30027 30035 30042 30051 30059 30066 30075 30083 30090 30099 30107 30114 30123 30131 30138 30147 30155 30162 30171 30179 30186 30195 30203 30210 30219 30227 30234 30243 30251 
30258 30267 30275 30282 30291 30299 30306 30315 30323 30330 30339 30347 30354 30363 30371 30378 30387 30395 30402 30411 30419 30426 30435 30443 30450 30459 30467 30474 30483 30491 
30498 30507 30515 30522 30531 30539 30546 30555 30563 30570 30579 30587 30594 30603 30611 30618 30627 30635 30642 30651 30659 30666 30675 30683 30690 30699 30707 30714 30723 30731 
30738 30747 30755 30762 30771 30779 30786 30795 30803 30810 30819 30827 30834 30843 30851 30858 30867 30875 30882 30891 30899 30906 30915 30923 30930 30939 30947 30954 30963 30971 
30978 30987 30995 31002 31011 31019 31026 31035 31043 31050 31059 31067 31074 31083 31091 31098 31107 31115 31122 31131 31139 31146 31155 31163 31170 31179 31187 31194 31203 31211 
31218 31227 31235 31242 31251 31259 31266 31275 31283 31290 31299 31307 31314 31326 31337 31347 31365 31382 31398 31413 31427 31440 31458 31475 31491 31506 31520 31533 31551 31568 
31584 31599 31613 31626 31647 31667 31686 31704 31721 31737 31755 31772 31788 31803 31817 31830 31848 31865 31881 31896 31910 31923 31941 31958 31974 31989 32003 32016 32034 32051 
32067 32082 32096 32109 32127 32144 32160 32175 32189 32202 32220 32237 32253 32268 32282 32295 32313 32330 32346 32361 32375 32388 32409 32429 32448 32466 32483 32499 32517 32534 
32550 32565 32579 32592 32610 32627 32643 32658 32672 32685 32706 32726 32745 32763 32780 32796 32823 32849 32874 32898 32921 32943 32964 32984 33003 33012 33020 33027 33036 33044 
33051 33069 33086 33102 33111 33119 33126 33135 33143 33150 33159 33167 33174 33183 33191 33198 33207 33215 33222 33231 33239 33246 33255 33263 33270 33279 33287 33294 33303 33311 
33318 33327 33335 33342 33351 33359 33366 33375 33383 33390 33405 33419 33432 33450 33467 33483 33498 33512 33525 33543 33560 33576 33591 33605 33618 33639 33659 33678 33696 33713 
33729 33747 33764 33780 33795 33809 33822 33840 33857 33873 33888 33902 33915 33936 33956 33975 33993 34010 34026 34053 34079 34104 34128 34151 34173 34194 34214 34233 34242 34250 
34257 34266 34274 34281 34290 34298 34305 34314 34322 34329 34338 34346 34353 34362 34370 34377 34386 34394 34401 34410 34418 34425 34434 34442 34449 34458 34466 34473 34482 34490 
34497 34506 34514 34521 34536 34550 34563 34572 34580 34587 34596 34604 34611 34620 34628 34635 34644 34652 34659 34668 34676 34683 34692 34700 34707 34716 34724 34731 34746 34760 
34773 34791 34808 34824 34839 34853 34866 34884 34901 34917 34932 34946 34959 34980 35000 35019 35037 35054 35070 35097 35123 35148 35172 35195 35217 35238 35258 35277 35304 35330 
35355 35379 35402 35424 35445 35465 35484 35514 35543 35571 35598 35624 35649 35673 35696 35718 35754 35789 35823 35856 35888 35919 35949 35978 36006 36033 36059 36084 36117 36149 
36180 36210 36239 36267 36294 36320 36345 36378 36410 36441 36471 36500 36528 36555 36581 36606 36639 36671 36702 36732 36761 36789 36816 36842 36867 36903 36938 36972 37005 37037 
37068 37098 37127 37155 37182 37208 37233 37257 37280 37302 37332 37361 37389 37416 37442 37467 37491 37514 37536 37557 37577 37596 37620 37643 37665 37686 37706 37725 37743 37760 
37776 37791 37805 37818 37827 37835 37842 37851 37859 37866 37875 37883 37890 37899 37907 37914 37923 37931 37938 37947 37955 37962 37971 37979 37986 37995 38003 38010 38019 38027 
38034 38043 38051 38058 38067 38075 38082 38091 38099 38106 38115 38123 38130 38139 38147 38154 38163 38171 38178 38187 38195 38202 38211 38219 38226 38235 38243 38250 38259 38267 
38274 38286 38297 38307 38316 38324 38331 38340 38348 38355 38364 38372 38379 38388 38396 38403 38412 38420 38427 38436 38444 38451 38460 38468 38475 38484 38492 38499 38508 38516 
38523 38532 38540 38547 38556 38564 38571 38580 38588 38595 38604 38612 38619 38628 38636 38643 38652 38660 38667 38676 38684 38691 38700 38708 38715 38727 38738 38748 38766 38783 38799 38814 38828 38841 38859 38876 38892 38907 38921 38934 38952 38969 38985 39000 39014 39027 39045 39062 39078 39093 39107 39120 39138 39155 39171 39186 39200 39213 39231 39248 39264 39279 39293 39306 39324 39341 39357 39372 39386 39399 39417 39434 39450 39465 39479 39492 39510 39527 39543 39558 39572 39585 39606 39626 39645 39663 39680 39696 39711 39725 39738 39759 39779 39798 39816 39833 39849 39864 39878 39891 39909 39926 39942 39957 39971 39984 40002 40019 40035 40050 40064 40077 40095 40112 40128 40143 40157 40170 40185 40199 40212 40239 40265 40290 40314 40337 40359 40380 40400 40419 40455 40490 40524 40557 40589 40620 40650 40679 40707 40734 40760 40785 40809 40832 40854 40884 40913 40941 40968 40994 41019 41043 41066 41088 41118 41147 41175 41202 41228 41253 41277 41300 41322 41352 41381 41409 41436 41462 41487 41511 41534 41556 41586 41615 41643 41670 41696 41721 41745 41768 41790 41820 41849 41877 41904 41930 41955 41979 42002 42024 42054 42083 42111 42138 42164 42189 42213 42236 42258 42288 42317 42345 42372 42398 42423 42447 42470 42492 42522 42551 42579 42606 42632 42657 42681 42704 42726 42756 42785 42813 42840 42866 42891 42915 42938 42960 42990 43019 43047 43074 43100 43125 43149 43172 43194 43224 43253 43281 43308 43334 43359 43383 43406 43428 43458 43487 43515 43542 43568 43593 43617 43640 43662 43692 43721 43749 43776 43802 43827 43851 43874 43896 43926 43955 43983 44010 44036 44061 44085 44108 44130 44160 44189 44217 44244 44270 44295 44319 44342 44364 44394 44423 44451 44478 44504 44529 44553 44576 44598 44628 44657 44685 44712 44738 44763 44787 44810 44832 44853 44873 44892 44910 44927 44943 44958 44972 44985 44997 45008 45018 45027 45035 45042 45048 45053 45057 45066 45074 45081 45090 45098 45105 45117 45128 45138 45156 45173 45189 45204 45218 45231 45249 45266 45282 45297 45311 45324 45342 45359 45375 45390 45404 45417 45435 45452 45468 45483 45497 45510 45534 45557 45579 45600 45620 45639 45657 45674 45690 45708 45725 45741 45756 45770 45783 45801 45818 45834 45849 45863 45876 45900 45923 45945 45966 45986 46005 46038 46070 46101 46131 46160 46188 46215 46241 46266 46290 46313 46335 46368 46400 46431 46461 46490 46518 46545 46571 46596 46620 46643 46665 46698 46730 46761 46791 46820 46848 46875 46901 46926 46950 46973 46995 47028 47060 47091 47121 47150 47178 47205 47231 47256 47280 47303 47325 47343 47360 47376 47391 47405 47418 47436 47453 47469 47484 47498 47511 47538 47564 47589 47613 47636 47658 47667 47675 47682 47691 47699 47706 47715 47723 47730 47739 47747 47754 47763 47771 47778 47787 47795 47802 47811 47819 47826 47835 47843 47850 47859 47867 47874 47883 47891 47898 47907 47915 47922 47931 47939 47946 47961 47975 47988 47997 48005 48012 48021 48029 48036 48048 48059 48069 48078 48086 48093 48102 48110 48117 48129 48140 48150 48168 48185 48201 48216 48230 48243 48261 48278 48294 48309 48323 48336 48354 48371 48387 48402 48416 48429 48447 48464 48480 48495 48509 48522 48543 48563 48582 48600 48617 48633 48660 48686 48711 48735 48758 48780 48801 48821 48840 48867 48893 48918 48942 48965 48987 49008 49028 49047 49074 49100 49125 49149 49172 49194 49215 49235 49254 49281 49307 49332 49356 49379 49401 49422 49442 49461 49491 49520 49548 49575 49601 49626 49650 49673 49695 49716 49736 49755 49785 49814 49842 49869 49895 49920 49944 49967 49989 50010 50030 50049 50076 50102 50127 50151 50174 50196 50217 50237 50256 50283 50309 50334 50358 50381 50403 50424 50444 50463 50490 50516 50541 50565 50588 50610 50631 50651 50670 50703 50735 50766 50796 50825 50853 50880 50906 50931 50955 50978 51000 51039 51077 51114 51150 51185 51219 51252 51284 51315 51345 51374 51402 51429 51455 51480 51510 51539 51567 51594 51620 51645 51669 51692 51714 51735 51755 51774 51792 51809 51825 51849 51872 51894 51933 51971 52008 52044 52079 73416 73556 73693 73827 74048 74266 74481 74693 74902 75108 75311 75511 75708 75902 76093 76281 76466 76648 76827 77003 77176 77346 77558 77767 77973 78176 78376 78573 78767 78958 79146 79331 79513 79692 79868 80041 80211 80415 80618 80820 81021 81221 81418 81612 81803 81991 82176 82358 82537 82713 82886 83056 83245 83433 83620 83806 83991 84175 84358 84540 84721 84901 85080 85258 85434 85607 85777 85951 86124 86296 86467 86637 86806 86974 87141 87307 87472 87636 87799 87961 88122 88282 88441 88599 88756 88912 89067 89221 89374 89526 89677 89827 89976 90124 90271 90417 90562 90706 90849 90991 91132 91272 91411 91549 91686 91822 91957 92091 92224 92356 92487 92617 92746 92874 93001 93127 93252 93376 93499 93621 93742 93862 93981 94099 94216 94332 94447 94561 94674 94786 94897 95007 95116 95224 95331 95437 95542 95646 95749 95851 95952 96052 96151 96249 96346 96442 96537 96631 96724 96816 96907 96997 97086 97174 97261 97347 97432 97516 97599 97681 97762 97842 97921 97999 98076 98152 98227 98301 98374 98446 98517 103741 103834 103926 104017 104107 104196 104284 104371 104457 104542 104626 104709 104791 104872 104952 105031 105109 105186 105262 105337 105411 105484 105556 105627 105697 105766 105834 105901 105967 106032 106096 106159 106221 106282 106342 106401 106459 106516 106572 106627 106681 106734 106786 106837 106887 106936 106984 107031 107077 107122 107166 107209 107251 107292 107332 107371 107409 107446 107482 107517 107551 107584 107616 107647 107677 107706 63162 63194 63226 100996 101028 101060 101092 101124 101156 101188 101220 101252 101284 101316 101348 101380 101412 101444 101476 101508 101540 101572 101604 101636 101668 101700 101732 107734 107766 107798 107963 107995 108027 108059 108091 108123 108155 108187 108219 108251 108283 108315 108347 108379 108411 108443 108475 108507 108539 108571 108603 108635 108667 108699 108731 108763 108795 108827 108859 108891 108923 108955 108987 109019 109051 109083 109115 109147 109179 109211 109243 109275 109307 109339 109371 109403 109435 109467 109499 109531 109563 109595 109627 109659 109691 109723 109755 109787 109819 109851 109883 109915 109947 109979 110011 110043 110075 110107 110139 110171 110203 110235 110267 110299 110331 110363 110395 110427 110459 110491 110523 110555 110587 110619 110651 110683 110715 110747 110779 110811 110843 110875 110907 110939 110971 111003 111035 111067 111099 111131 111163 111195 111227 111259 111291 111323 111355 111387 111419 111451 111483 111515 111547 111579 111611 111643 111675 111707 
9 8 7 9 8 7 9 8 7 9 8 7 9 8 7 9 8 7 9 8 7 9 8 7 9 8 7 9 8 7 
9 8 7 9 8 7 24 23 22 54 53 52 51 50 49 48 47 46 45 44 43 42 41 40 39 38 37 51 50 49 
48 47 46 45 44 43 42 41 40 39 38 37 51 50 49 48 47 46 45 44 43 42 41 40 39 38 37 51 50 49 
48 47 46 45 44 43 42 41 40 39 38 37 54 53 52 51 50 49 48 47 46 45 44 43 42 41 40 39 38 37 
54 53 52 51 50 49 48 47 46 45 44 43 42 41 40 39 38 37 54 53 52 51 50 49 48 47 46 45 44 43 
42 41 40 39 38 37 60 59 58 57 56 55 54 53 52 51 50 49 48 47 46 45 44 43 42 41 40 9 8 7 9 8 7 12 11 10 9 8 7 9 8 7 9 8 7 9 8 7 9 8 7 9 8 7 9 8 7 9 8 7 9 8 7 9 8 7 9 8 7 9 8 7 12 11 10 9 8 7 9 8 7 12 11 10 18 17 16 15 14 13 18 17 16 15 14 13 18 17 16 15 14 13 18 17 16 15 14 13 18 17 16 15 14 13 12 11 10 12 11 10 9 8 7 21 20 19 18 17 16 15 14 13 18 17 16 15 14 13 27 26 25 24 23 22 27 26 25 24 23 22 21 20 19 27 26 25 24 23 22 21 20 19 27 26 25 24 23 22 21 20 19 27 26 25 24 23 22 21 20 19 27 26 25 24 23 22 21 20 19 27 26 25 24 23 22 21 20 19 27 26 25 24 23 22 21 20 19 30 29 28 27 26 25 24 23 22 36 35 34 33 32 31 30 29 28 48 47 46 45 44 43 42 41 40 39 38 37 36 35 34 45 44 43 42 41 40 39 38 37 36 35 34 45 44 43 42 41 40 39 38 37 36 35 34 45 44 43 42 41 40 39 38 37 36 35 34 36 35 34 33 32 31 30 29 28 27 26 25 36 35 34 33 32 31 30 29 28 27 26 25 36 35 34 33 32 31 30 29 28 27 26 25 42 41 40 39 38 37 36 35 34 33 32 31 36 35 34 33 32 31 30 29 28 27 26 25 36 35 34 33 32 31 30 29 28 27 26 25 36 35 34 33 32 31 30 29 28 27 26 25 36 35 34 33 32 31 30 29 28 27 26 25 36 35 34 33 32 31 30 29 28 27 26 25 36 35 34 33 32 31 30 29 28 27 26 25 36 35 34 33 32 31 30 29 28 27 26 25 36 35 34 33 32 31 30 29 28 27 26 25 36 35 34 33 32 31 30 29 28 27 26 25 36 35 34 33 32 31 30 29 28 27 26 25 36 35 34 33 32 31 30 29 28 27 26 25 36 35 34 33 32 31 30 29 28 27 26 25 42 41 40 39 38 37 36 35 34 33 32 31 54 53 52 51 50 49 48 47 46 45 44 43 42 41 40 39 38 37 51 50 49 48 47 46 45 44 43 42 41 40 39 38 37 51 50 49 48 47 46 45 44 43 42 41 40 39 38 37 51 50 49 48 47 46 45 44 43 42 41 40 39 38 37 54 53 52 51 50 49 48 47 46 45 44 43 42 41 40 39 38 37 36 35 34 33 32 31 30 29 28 36 35 34 33 32 31 30 29 28 27 26 25 24 23 22 21 20 19 18 17 16 15 14 13 18 17 16 15 14 13 30 29 28 27 26 25 36 35 34 33 32 31 9 8 7 9 8 7 12 11 10 15 14 13 21 20 19 18 17 16 21 20 19 18 17 16 21 20 19 18 17 16 21 20 19 18 17 16 21 20 19 18 17 16 21 20 19 18 17 16 21 20 19 18 17 16 21 20 19 18 17 16 21 20 19 18 17 16 21 20 19 18 17 16 21 20 19 18 17 16 21 20 19 18 17 16 21 20 19 18 17 16 21 20 19 18 17 16 15 14 13 12 11 10 9 8 7 9 8 7 9 8 7 9 8 7 9 8 7 9 8 7 9 8 7 12 11 10 18 17 16 18 17 16 18 17 16 18 17 16 18 17 16 18 17 16 18 17 16 18 17 16 18 17 16 21 20 19 9 8 7 9 8 7 9 8 7 9 8 7 12 11 10 18 17 16 15 14 13 15 14 13 27 26 25 27 26 25 24 23 22 9 8 7 9 8 7 9 8 7 9 8 7 9 8 7 9 8 7 9 8 7 12 11 10 18 17 16 15 14 13 18 17 16 15 14 13 18 17 16 15 14 13 18 17 16 15 14 13 30 29 28 39 38 37 54 53 52 51 50 49 69 68 67 66 65 64 63 62 61 60 59 58 57 56 55 54 53 52 51 50 49 48 47 46 45 44 43 42 41 40 39 38 37 36 35 34 33 32 31 30 29 28 27 26 25 24 23 22 21 20 19 18 17 16 9 8 7 9 8 7 12 11 10 9 8 7 9 8 7 9 8 7 9 8 7 9 8 7 9 8 7 9 8 7 12 11 10 18 17 16 15 14 13 9 8 7 9 8 7 9 8 7 9 8 7 9 8 7 9 8 7 9 8 7 12 11 10 9 8 7 9 8 7 9 8 7 9 8 7 9 8 7 9 8 7 9 8 7 9 8 7 9 8 7 9 8 7 9 8 7 9 8 7 12 11 10 9 8 7 9 8 7 12 11 10 18 17 16 15 14 13 9 8 7 9 8 7 12 11 10 9 8 7 9 8 7 9 8 7 9 8 7 9 8 7 9 8 7 9 8 7 9 8 7 9 8 7 9 8 7 9 8 7 9 8 7 9 8 7 9 8 7 9 8 7 9 8 7 9 8 7 9 8 7 9 8 7 9 8 7 9 8 7 9 8 7 9 8 7 9 8 7 9 8 7 9 8 7 9 8 7 9 8 7 9 8 7 9 8 7 9 8 7 9 8 7 9 8 7 9 8 7 9 8 7 9 8 7 9 8 7 9 8 7 9 8 7 9 8 7 9 8 7 9 8 7 9 8 7 9 8 7 9 8 7 9 8 7 9 8 7 9 8 7 9 8 7 9 8 7 9 8 7 9 8 7 9 8 7 9 8 7 9 8 7 9 8 7 9 8 7 9 8 7 9 8 7 9 8 7 9 8 7 9 8 7 9 8 7 9 8 7 9 8 7 9 8 7 9 8 7 12 11 10 18 17 16 15 14 13 18 17 16 15 14 13 18 17 16 15 14 13 21 20 19 18 17 16 18 17 16 15 14 13 18 17 16 15 14 13 18 17 16 15 14 13 18 17 16 15 14 13 18 17 16 15 14 13 18 17 16 15 14 13 18 17 16 15 14 13 21 20 19 18 17 16 18 17 16 15 14 13 18 17 16 15 14 13 21 20 19 18 17 16 27 26 25 24 23 22 21 20 19 9 8 7 9 8 7 18 17 16 9 8 7 9 8 7 9 8 7 9 8 7 9 8 7 9 8 7 9 8 7 9 8 7 9 8 7 9 8 7 9 8 7 9 8 7 15 14 13 18 17 16 15 14 13 18 17 16 15 14 13 21 20 19 18 17 16 18 17 16 15 14 13 18 17 16 15 14 13 21 20 19 18 17 16 27 26 25 24 23 22 21 20 19 9 8 7 9 8 7 9 8 7 9 8 7 9 8 7 9 8 7 9 8 7 9 8 7 9 8 7 9 8 7 9 8 7 9 8 7 15 14 13 9 8 7 9 8 7 9 8 7 9 8 7 9 8 7 9 8 7 9 8 7 15 14 13 18 17 16 15 14 13 18 17 16 15 14 13 21 20 19 18 17 16 27 26 25 24 23 22 21 20 19 27 26 25 24 23 22 21 20 19 30 29 28 27 26 25 24 23 22 36 35 34 33 32 31 30 29 28 27 26 25 33 32 31 30 29 28 27 26 25 33 32 31 30 29 28 27 26 25 33 32 31 30 29 28 27 26 25 36 35 34 33 32 31 30 29 28 27 26 25 24 23 22 30 29 28 27 26 25 24 23 22 21 20 19 24 23 22 21 20 19 18 17 16 15 14 13 9 8 7 9 8 7 9 8 7 9 8 7 9 8 7 9 8 7 9 8 7 9 8 7 9 8 7 9 8 7 9 8 7 9 8 7 9 8 7 9 8 7 9 8 7 9 8 7 9 8 7 9 8 7 9 8 7 12 11 10 9 8 7 9 8 7 9 8 7 9 8 7 9 8 7 9 8 7 9 8 7 9 8 7 9 8 7 9 8 7 9 8 7 9 8 7 9 8 7 9 8 7 9 8 7 9 8 7 9 8 7 12 11 10 18 17 16 15 14 13 18 17 16 15 14 13 18 17 16 15 14 13 18 17 16 15 14 13 18 17 16 15 14 13 18 17 16 15 14 13 18 17 16 15 14 13 18 17 16 15 14 13 18 17 16 15 14 13 21 20 19 18 17 16 15 14 13 21 20 19 18 17 16 15 14 13 18 17 16 15 14 13 18 17 16 15 14 13 18 17 16 15 14 13 15 14 13 27 26 25 24 23 22 21 20 19 36 35 34 33 32 31 30 29 28 27 26 25 24 23 22 30 29 28 27 26 25 24 23 22 30 29 28 27 26 25 24 23 22 30 29 28 27 26 25 24 23 22 30 29 28 27 26 25 24 23 22 30 29 28 27 26 25 24 23 22 30 29 28 27 26 25 24 23 22 30 29 28 27 26 25 24 23 22 30 29 28 27 26 25 24 23 22 30 29 28 27 26 25 24 23 22 30 29 28 27 26 25 24 23 22 30 29 28 27 26 25 24 23 22 30 29 28 27 26 25 24 23 22 30 29 28 27 26 25 24 23 22 30 29 28 27 26 25 24 23 22 30 29 28 27 26 25 24 23 22 30 29 28 27 26 25 24 23 22 30 29 28 27 26 25 24 23 22 21 20 19 18 17 16 15 14 13 12 11 10 9 8 7 6 5 4 9 8 7 9 8 7 12 11 10 18 17 16 15 14 13 18 17 16 15 14 13 18 17 16 15 14 13 18 17 16 15 14 13 24 23 22 21 20 19 18 17 16 18 17 16 15 14 13 18 17 16 15 14 13 24 23 22 21 20 19 33 32 31 30 29 28 27 26 25 24 23 22 33 32 31 30 29 28 27 26 25 24 23 22 33 32 31 30 29 28 27 26 25 24 23 22 33 32 31 30 29 28 27 26 25 24 23 22 18 17 16 15 14 13 18 17 16 15 14 13 27 26 25 24 23 22 9 8 7 9 8 7 9 8 7 9 8 7 9 8 7 9 8 7 9 8 7 9 8 7 9 8 7 9 8 7 9 8 7 9 8 7 15 14 13 9 8 7 9 8 7 12 11 10 9 8 7 9 8 7 12 11 10 18 17 16 15 14 13 18 17 16 15 14 13 18 17 16 15 14 13 18 17 16 15 14 13 21 20 19 18 17 16 27 26 25 24 23 22 21 20 19 27 26 25 24 23 22 21 20 19 27 26 25 24 23 22 21 20 19 27 26 25 24 23 22 21 20 19 30 29 28 27 26 25 24 23 22 21 20 19 30 29 28 27 26 25 24 23 22 21 20 19 27 26 25 24 23 22 21 20 19 27 26 25 24 23 22 21 20 19 27 26 25 24 23 22 21 20 19 33 32 31 30 29 28 27 26 25 24 23 22 39 38 37 36 35 34 33 32 31 30 29 28 27 26 25 30 29 28 27 26 25 24 23 22 21 20 19 18 17 16 24 23 22 39 38 37 36 35 34 45 44 43 72 71 70 69 68 67 66 65 64 63 62 61 60 59 58 57 56 55 69 68 67 66 65 64 63 62 61 60 59 58 57 56 55 69 68 67 66 65 64 63 62 61 60 59 58 57 56 55 69 68 67 66 65 64 63 62 61 60 59 58 57 56 55 75 74 73 72 71 70 69 68 67 66 65 64 63 62 61 60 59 58 57 56 55 75 74 73 72 71 70 69 68 67 66 65 64 63 62 61 60 59 58 57 56 55 75 74 73 72 71 70 69 68 67 66 65 64 63 62 61 60 59 58 57 56 55 75 74 73 72 71 70 69 68 67 66 65 64 63 62 61 60 59 58 57 56 55 75 74 73 72 71 70 69 68 67 66 65 64 63 62 61 60 59 58 57 56 55 78 77 76 75 74 73 72 71 70 69 68 67 66 65 64 63 62 61 60 59 58 57 56 55 54 53 52 51 50 49 48 47 46 45 44 43 42 41 40 39 38 37 36 35 34 33 32 31 30 29 28 27 26 25 24 23 22 21 20 19 18 17 16 15 14 13 15 14 13 15 14 13 15 14 13 15 14 13 15 14 13 15 14 13 15 14 13 12 11 10 9 8 7 6 5 4 6 5 4 6 5 4 6 5 4 9 8 7 15 14 13 15 14 13 15 14 13 15 14 13 15 14 13 15 14 13 15 14 13 15 14 13 15 14 13 15 14 13 15 14 13 15 14 13 15 14 13 15 14 13 15 14 13 18 17 16 18 17 16 18 17 16 15 14 13 12 11 10 9 8 7 9 8 7 9 8 7 9 8 7 9 8 7 9 8 7 9 8 7 9 8 7 9 8 7 9 8 7 9 8 7 9 8 7 9 8 7 6 5 4 3 2 1 
